#CLAS physics database search results
#Measurement E28M3
#g11
#M. Battaglieri
#2009
#
#-t variable	M(pi+,pi-)	Y_00	Data errors
#GeV2	GeV	mcb/GeV3	mcb/GeV3
0.45	0.405  1.108  0.468
0.45	0.415  1.032  0.2384
0.45	0.425  0.9854  0.3512
0.45	0.435  1.212  0.4017
0.45	0.445  1.297  0.6618
0.45	0.455  1.268  0.513
0.45	0.465  1.443  0.5621
0.45	0.475  1.624  0.3969
0.45	0.485  1.575  0.6785
0.45	0.495  1.456  0.7682
0.45	0.505  1.467  0.8295
0.45	0.515  2.018  0.4705
0.45	0.525  2.586  0.4724
0.45	0.535  2.479  0.4832
0.45	0.545  2.505  0.4115
0.45	0.555  2.768  0.3685
0.45	0.565  3.108  0.4149
0.45	0.575  2.81  1.223
0.45	0.585  3.487  0.6888
0.45	0.595  4.106  0.5363
0.45	0.605  4.278  0.7772
0.45	0.615  4.975  1.141
0.45	0.625  4.955  1.507
0.45	0.635  5.407  1.679
0.45	0.645  7.386  1.347
0.45	0.655  7.68  2.185
0.45	0.665  9.085  1.978
0.45	0.675  10.93  2.707
0.45	0.685  12.15  2.99
0.45	0.695  13.39  3.831
0.45	0.705  16.22  2.352
0.45	0.715  17.91  4.102
0.45	0.725  21.36  3.19
0.45	0.735  22.69  4.423
0.45	0.745  24.54  3.119
0.45	0.755  26.28  3.955
0.45	0.765  28.86  3.128
0.45	0.775  28.14  3.175
0.45	0.785  27.66  3.131
0.45	0.795  23.28  2.576
0.45	0.805  22.9  2.611
0.45	0.815  20.87  2.225
0.45	0.825  19.27  2.038
0.45	0.835  17.47  2.085
0.45	0.845  15.87  1.728
0.45	0.855  15.22  1.623
0.45	0.865  13.69  1.504
0.45	0.875  12.63  1.319
0.45	0.885  12.57  1.629
0.45	0.895  10.66  1.114
0.45	0.905  10.24  1.08
0.45	0.915  9.742  1.132
0.45	0.925  9.046  1.016
0.45	0.935  8.065  0.8796
0.45	0.945  7.76  0.8201
0.45	0.955  7.938  0.8671
0.45	0.965  7.158  0.7783
0.45	0.975  6.808  0.8181
0.45	0.985  6.453  0.8131
0.45	0.995  5.788  0.7561
0.45	1.005  5.65  0.7718
0.45	1.015  5.193  0.6858
0.45	1.025  4.881  0.5602
0.45	1.035  5.021  0.6286
0.45	1.045  4.588  0.5269
0.45	1.055  4.446  0.6431
0.45	1.065  4.708  0.5197
0.45	1.075  4.332  0.7364
0.45	1.085  4.432  0.5275
0.45	1.095  4.133  0.5084
0.45	1.105  4.342  0.5035
0.45	1.115  4.39  0.5
0.45	1.125  4.118  0.483
0.45	1.135  4.222  0.4807
0.45	1.145  4.437  0.4902
0.45	1.155  4.062  0.4642
0.45	1.165  4.257  0.4737
0.45	1.175  4.11  0.4971
0.45	1.185  4.208  0.5475
0.45	1.195  4.158  0.4913
0.45	1.205  4.194  0.5325
0.45	1.215  4.035  0.534
0.45	1.225  4.002  0.434
0.45	1.235  4.059  0.4579
0.45	1.245  3.961  0.4523
0.45	1.255  4.078  0.4549
0.45	1.265  4.101  0.4503
0.45	1.275  4.05  0.4415
0.45	1.285  4.32  0.4849
0.45	1.295  4.144  0.4595
0.45	1.305  4.045  0.4399
0.45	1.315  3.859  0.4261
0.45	1.325  3.59  0.4029
0.45	1.335  3.867  0.4201
0.45	1.345  3.656  0.4168
0.45	1.355  3.732  0.4113
0.45	1.365  3.579  0.4024
0.45	1.375  3.138  0.3855
0.45	1.385  3.519  0.3897
0.45	1.395  3.21  0.376
0.55	0.405  0.7017  0.1457
0.55	0.415  0.7576  0.1609
0.55	0.425  0.8047  0.1439
0.55	0.435  0.9705  0.1754
0.55	0.445  1.109  0.2769
0.55	0.455  0.973  0.16
0.55	0.465  0.9438  0.2593
0.55	0.475  1.1  0.2534
0.55	0.485  1.229  0.3711
0.55	0.495  1.329  0.2117
0.55	0.505  1.455  0.244
0.55	0.515  1.532  0.2398
0.55	0.525  1.701  0.3973
0.55	0.535  1.713  0.3048
0.55	0.545  1.68  0.2492
0.55	0.555  2.041  0.3537
0.55	0.565  2.011  0.2808
0.55	0.575  2.123  0.2911
0.55	0.585  2.477  0.3677
0.55	0.595  2.498  0.3663
0.55	0.605  2.899  0.3162
0.55	0.615  3.088  0.3703
0.55	0.625  3.513  0.4626
0.55	0.635  3.574  0.4259
0.55	0.645  4.486  0.7741
0.55	0.655  4.359  0.9623
0.55	0.665  5.595  0.7557
0.55	0.675  5.86  0.8501
0.55	0.685  6.741  1.069
0.55	0.695  7.986  0.8593
0.55	0.705  9.012  1.141
0.55	0.715  10.72  1.149
0.55	0.725  11.64  1.324
0.55	0.735  12.39  1.636
0.55	0.745  14.61  1.532
0.55	0.755  14.8  1.547
0.55	0.765  14.98  1.83
0.55	0.775  14.53  1.915
0.55	0.785  13.57  1.64
0.55	0.795  13.05  1.355
0.55	0.805  12.55  1.402
0.55	0.815  11.11  1.156
0.55	0.825  10.1  1.071
0.55	0.835  9.203  1.01
0.55	0.845  8.79  0.9662
0.55	0.855  8.378  0.9999
0.55	0.865  7.485  0.8317
0.55	0.875  6.808  0.8659
0.55	0.885  6.426  0.8717
0.55	0.895  6.096  0.7051
0.55	0.905  5.519  0.6899
0.55	0.915  5.413  0.7494
0.55	0.925  5.228  0.5962
0.55	0.935  4.974  0.5702
0.55	0.945  4.837  0.5739
0.55	0.955  4.784  0.5104
0.55	0.965  4.552  0.5935
0.55	0.975  4.326  0.4766
0.55	0.985  4.161  0.4887
0.55	0.995  3.915  0.4462
0.55	1.005  3.734  0.4258
0.55	1.015  3.455  0.5059
0.55	1.025  3.769  0.4987
0.55	1.035  3.333  0.3658
0.55	1.045  3.364  0.5993
0.55	1.055  3.365  0.4411
0.55	1.065  3.231  0.3801
0.55	1.075  3.494  0.4244
0.55	1.085  2.965  0.3199
0.55	1.095  3.018  0.3686
0.55	1.105  3.177  0.4076
0.55	1.115  2.835  0.3158
0.55	1.125  2.722  0.3494
0.55	1.135  2.545  0.3128
0.55	1.145  2.779  0.3267
0.55	1.155  2.857  0.3241
0.55	1.165  2.7  0.2985
0.55	1.175  2.596  0.2845
0.55	1.185  2.63  0.2832
0.55	1.195  2.728  0.3023
0.55	1.205  2.65  0.3098
0.55	1.215  2.724  0.2926
0.55	1.225  2.725  0.3066
0.55	1.235  2.926  0.3181
0.55	1.245  3.313  0.3641
0.55	1.255  2.911  0.3216
0.55	1.265  2.936  0.3139
0.55	1.275  3.05  0.3444
0.55	1.285  3.028  0.3228
0.55	1.295  3.083  0.3471
0.55	1.305  3.122  0.3515
0.55	1.315  2.931  0.3401
0.55	1.325  2.616  0.2993
0.55	1.335  2.704  0.3111
0.55	1.345  2.793  0.3279
0.55	1.355  2.679  0.3038
0.55	1.365  2.742  0.3967
0.55	1.375  2.724  0.368
0.55	1.385  2.393  0.2999
0.55	1.395  2.315  0.2781
0.65	0.405  0.6399  0.092636
0.65	0.415  0.5489  0.12415
0.65	0.425  0.6661  0.10034
0.65	0.435  0.7966  0.1276
0.65	0.445  1.087  0.2079
0.65	0.455  0.9969  0.1929
0.65	0.465  1.028  0.1617
0.65	0.475  1.097  0.1494
0.65	0.485  0.9164  0.2002
0.65	0.495  0.9823  0.1591
0.65	0.505  1.048  0.2215
0.65	0.515  1.204  0.1705
0.65	0.525  1.163  0.165
0.65	0.535  1.3  0.177
0.65	0.545  1.347  0.1857
0.65	0.555  1.447  0.195
0.65	0.565  1.369  0.1826
0.65	0.575  1.613  0.2055
0.65	0.585  1.801  0.2878
0.65	0.595  1.855  0.2375
0.65	0.605  1.849  0.2642
0.65	0.615  2.175  0.3611
0.65	0.625  2.256  0.2747
0.65	0.635  2.412  0.318
0.65	0.645  2.849  0.3298
0.65	0.655  3.191  0.4576
0.65	0.665  3.364  0.3952
0.65	0.675  4.342  0.498
0.65	0.685  4.748  0.5235
0.65	0.695  4.853  0.6085
0.65	0.705  5.733  0.6335
0.65	0.715  6.371  0.6777
0.65	0.725  7.073  0.7478
0.65	0.735  7.646  0.7995
0.65	0.745  8.319  1.001
0.65	0.755  8.78   0.9669
0.65	0.765  8.869  1.013
0.65	0.775  8.665  0.9375
0.65	0.785  8.137  0.8957
0.65	0.795  7.527  0.807
0.65	0.805  7.291  0.8101
0.65	0.815  6.219  0.7807
0.65	0.825  6.047  0.636
0.65	0.835  5.538  0.7182
0.65	0.845  4.711  0.5316
0.65	0.855  4.753  0.5257
0.65	0.865  4.33   0.5105
0.65	0.875  3.946  0.521
0.65	0.885  4.033  0.4443
0.65	0.895  3.635  0.4375
0.65	0.905  3.543  0.4306
0.65	0.915  3.656  0.4724
0.65	0.925  3.287  0.4491
0.65	0.935  3.193  0.4431
0.65	0.945  3.369  0.3914
0.65	0.955  2.873  0.3172
0.65	0.965  3.092  0.3636
0.65	0.975  2.845  0.3282
0.65	0.985  2.834  0.4047
0.65	0.995  2.52   0.2948
0.65	1.005  2.61   0.3071
0.65	1.015  2.549  0.3033
0.65	1.025  2.343  0.2608
0.65	1.035  2.244  0.2638
0.65	1.045  2.086  0.2827
0.65	1.055  2.167  0.2701
0.65	1.065  2.263  0.2852
0.65	1.075  2.289  0.2706
0.65	1.085  2.053  0.2378
0.65	1.095  2.157  0.2593
0.65	1.105  1.921  0.2199
0.65	1.115  1.91   0.2152
0.65	1.125  1.962  0.2225
0.65	1.135  1.924  0.2257
0.65	1.145  1.964  0.2213
0.65	1.155  1.9    0.2244
0.65	1.165  2.034  0.2385
0.65	1.175  2.049  0.2476
0.65	1.185  2.022  0.2393
0.65	1.195  2.355  0.286
0.65	1.205  2.266  0.2815
0.65	1.215  2.284  0.3014
0.65	1.225  2.364  0.2851
0.65	1.235  2.462  0.2907
0.65	1.245  2.458  0.27
0.65	1.255  2.424  0.307
0.65	1.265  2.678  0.3946
0.65	1.275  2.59   0.2859
0.65	1.285  2.352  0.2681
0.65	1.295  2.356  0.2639
0.65	1.305  2.353  0.2785
0.65	1.315  2.346  0.2661
0.65	1.325  2.322  0.2848
0.65	1.335  2.089  0.2534
0.65	1.345  2.049  0.2446
0.65	1.355  2.15   0.2885
0.65	1.365  2.053  0.2804
0.65	1.375  1.962  0.2197
0.65	1.385  2.039  0.2979
0.65	1.395  1.895  0.2519
0.75	0.405  0.4383  0.051932
0.75	0.415  0.4822  0.05962
0.75	0.425  0.4916  0.068144
0.75	0.435  0.5745  0.073766
0.75	0.445  0.5943  0.078892
0.75	0.455  0.665   0.084073
0.75	0.465  0.6038  0.12073
0.75	0.475  0.6906  0.1072
0.75	0.485  0.6949  0.1034
0.75	0.495  0.734   0.1407
0.75	0.505  0.7713  0.1194
0.75	0.515  0.92   0.1214
0.75	0.525  0.8994  0.1825
0.75	0.535  0.794  0.1483
0.75	0.545  1.012  0.1526
0.75	0.555  1.061  0.2058
0.75	0.565  1.059  0.1469
0.75	0.575  1.039  0.225
0.75	0.585  1.193  0.149
0.75	0.595  1.367  0.166
0.75	0.605  1.437  0.2
0.75	0.615  1.574  0.2013
0.75	0.625  1.734  0.2232
0.75	0.635  1.945  0.2401
0.75	0.645  2.002  0.2301
0.75	0.655  2.391  0.2831
0.75	0.665  2.397  0.2945
0.75	0.675  2.855  0.346
0.75	0.685  3.182  0.3594
0.75	0.695  3.425  0.381
0.75	0.705  3.959  0.4269
0.75	0.715  4.579  0.4987
0.75	0.725  4.878  0.5227
0.75	0.735  4.941  0.5165
0.75	0.745  5.56   0.5812
0.75	0.755  6.185  0.678
0.75	0.765  6.165  0.6802
0.75	0.775  6.295  0.6557
0.75	0.785  5.735  0.5958
0.75	0.795  5.189  0.5635
0.75	0.805  4.879  0.5244
0.75	0.815  4.258  0.4909
0.75	0.825  4.066  0.4577
0.75	0.835  3.855  0.4878
0.75	0.845  3.794  0.408
0.75	0.855  3.207  0.3698
0.75	0.865  3.076  0.3482
0.75	0.875  3.076  0.3605
0.75	0.885  2.874  0.3194
0.75	0.895  2.69   0.3219
0.75	0.905  2.477  0.289
0.75	0.915  2.361  0.315
0.75	0.925  2.458  0.2878
0.75	0.935  2.267  0.2964
0.75	0.945  2.305  0.3189
0.75	0.955  1.945  0.2594
0.75	0.965  2.003  0.249
0.75	0.975  1.957  0.2366
0.75	0.985  1.84   0.2071
0.75	0.995  1.592  0.1796
0.75	1.005  1.558  0.2078
0.75	1.015  1.576  0.1782
0.75	1.025  1.605  0.1883
0.75	1.035  1.647  0.1878
0.75	1.045  1.466  0.1621
0.75	1.055  1.564  0.2144
0.75	1.065  1.531  0.1751
0.75	1.075  1.422  0.1629
0.75	1.085  1.562  0.2043
0.75	1.095  1.459  0.1732
0.75	1.105  1.613  0.187
0.75	1.115  1.516  0.1821
0.75	1.125  1.57   0.183
0.75	1.135  1.592  0.2046
0.75	1.145  1.628  0.1854
0.75	1.155  1.729  0.2081
0.75	1.165  1.567  0.1865
0.75	1.175  1.66   0.196
0.75	1.185  1.893  0.2202
0.75	1.195  1.777  0.207
0.75	1.205  1.974  0.2397
0.75	1.215  1.86  0.2262
0.75	1.225  1.98  0.2298
0.75	1.235  1.912  0.2733
0.75	1.245  2.012  0.2763
0.75	1.255  1.981  0.2505
0.75	1.265  2.181  0.2847
0.75	1.275  2.113  0.2719
0.75	1.285  2.049  0.2434
0.75	1.295  1.976  0.2897
0.75	1.305  1.88  0.2861
0.75	1.315  1.712  0.2254
0.75	1.325  1.882  0.2225
0.75	1.335  1.87  0.2298
0.75	1.345  1.677  0.2217
0.75	1.355  1.759  0.2009
0.75	1.365  1.744  0.226
0.75	1.375  1.561  0.2191
0.75	1.385  1.626  0.1944
0.75	1.395  1.522  0.1774
0.85	0.405  0.2999  0.03745
0.85	0.415  0.3459  0.03976
0.85	0.425  0.4181  0.05222
0.85	0.435  0.4178  0.0509
0.85	0.445  0.4325  0.05901
0.85	0.455  0.5135  0.06255
0.85	0.465  0.4757  0.06217
0.85	0.475  0.5421  0.07036
0.85	0.485  0.5249  0.0762
0.85	0.495  0.5586  0.06978
0.85	0.505  0.7092  0.1123
0.85	0.515  0.5926  0.08771
0.85	0.525  0.7896  0.1097
0.85	0.535  0.6024  0.1241
0.85	0.545  0.8147  0.1345
0.85	0.555  0.7639  0.1065
0.85	0.565  0.9169  0.1166
0.85	0.575  0.8837  0.1241
0.85	0.585  0.9889  0.1796
0.85	0.595  0.9972  0.1334
0.85	0.605  1.134  0.1453
0.85	0.615  1.296  0.1547
0.85	0.625  1.517  0.2171
0.85	0.635  1.626  0.1868
0.85	0.645  1.6    0.1874
0.85	0.655  1.924  0.2142
0.85	0.665  2.234  0.2521
0.85	0.675  2.325  0.2539
0.85	0.685  2.478  0.2708
0.85	0.695  2.926  0.3193
0.85	0.705  3.391  0.3676
0.85	0.715  3.905  0.4189
0.85	0.725  4.323  0.5044
0.85	0.735  4.612  0.4839
0.85	0.745  4.835  0.5064
0.85	0.755  5.167  0.553
0.85	0.765  5.312  0.5554
0.85	0.775  5.274  0.5597
0.85	0.785  4.71  0.4955
0.85	0.795  4.442  0.4632
0.85	0.805  3.787  0.4003
0.85	0.815  3.492  0.3788
0.85	0.825  3.36  0.3641
0.85	0.835  2.995  0.3254
0.85	0.845  2.836  0.3062
0.85	0.855  2.647  0.2974
0.85	0.865  2.318  0.2655
0.85	0.875  2.25  0.2529
0.85	0.885  1.816  0.2093
0.85	0.895  1.744  0.2047
0.85	0.905  1.723  0.1915
0.85	0.915  1.657  0.2096
0.85	0.925  1.75  0.2175
0.85	0.935  1.565  0.1791
0.85	0.945  1.531  0.1828
0.85	0.955  1.38  0.1665
0.85	0.965  1.339  0.158
0.85	0.975  1.361  0.2058
0.85	0.985  1.247  0.16
0.85	0.995  1.419  0.1663
0.85	1.005  1.08  0.133
0.85	1.015  1.118  0.1492
0.85	1.025  1.093  0.1318
0.85	1.035  1.154  0.1541
0.85	1.045  1.197  0.1376
0.85	1.055  1.191  0.142
0.85	1.065  1.231  0.1412
0.85	1.075  1.266  0.148
0.85	1.085  1.049  0.1229
0.85	1.095  1.152  0.1343
0.85	1.105  1.175  0.161
0.85	1.115  1.264  0.1636
0.85	1.125  1.33  0.1599
0.85	1.135  1.227  0.151
0.85	1.145  1.438  0.1642
0.85	1.155  1.377  0.1697
0.85	1.165  1.468  0.1903
0.85	1.175  1.515  0.1741
0.85	1.185  1.66  0.1867
0.85	1.195  1.524  0.1728
0.85	1.205  1.581  0.2214
0.85	1.215  1.689  0.2177
0.85	1.225  1.802  0.223
0.85	1.235  1.75  0.2152
0.85	1.245  1.719  0.1946
0.85	1.255  1.549  0.1903
0.85	1.265  1.624  0.2148
0.85	1.275  1.706  0.2247
0.85	1.285  1.558  0.1783
0.85	1.295  1.709  0.2331
0.85	1.305  1.739  0.2293
0.85	1.315  1.726  0.2449
0.85	1.325  1.72  0.2816
0.85	1.335  1.751  0.2718
0.85	1.345  1.447  0.2026
0.85	1.355  1.534  0.2389
0.85	1.365  1.681  0.2355
0.85	1.375  1.641  0.2668
0.85	1.385  1.55  0.236
0.85	1.395  1.483  0.1867
0.95	0.405  0.2736  0.0345
0.95	0.415  0.289  0.03297
0.95	0.425  0.3515  0.0409
0.95	0.435  0.3112  0.03665
0.95	0.445  0.3784  0.04404
0.95	0.455  0.4114  0.05314
0.95	0.465  0.4205  0.05382
0.95	0.475  0.4916  0.0681
0.95	0.485  0.4306  0.05568
0.95	0.495  0.5252  0.06838
0.95	0.505  0.5643  0.07638
0.95	0.515  0.6601  0.09215
0.95	0.525  0.6661  0.08698
0.95	0.535  0.6329  0.08679
0.95	0.545  0.73   0.08805
0.95	0.555  0.712  0.1202
0.95	0.565  0.744  0.1011
0.95	0.575  1.03   0.1201
0.95	0.585  0.8556  0.1165
0.95	0.595  0.9121  0.1268
0.95	0.605  1.022  0.1191
0.95	0.615  1.224  0.1404
0.95	0.625  1.214  0.1735
0.95	0.635  1.322  0.1511
0.95	0.645  1.596  0.1844
0.95	0.655  1.528  0.1747
0.95	0.665  1.806  0.2081
0.95	0.675  2.05   0.2247
0.95	0.685  2.349  0.2537
0.95	0.695  2.564  0.2734
0.95	0.705  2.899  0.3113
0.95	0.715  3.224  0.3533
0.95	0.725  3.615  0.3819
0.95	0.735  3.676  0.3821
0.95	0.745  3.976  0.4226
0.95	0.755  3.957  0.4396
0.95	0.765  4.509  0.4853
0.95	0.775  4.043  0.428
0.95	0.785  3.612  0.3991
0.95	0.795  3.331  0.3601
0.95	0.805  3.104  0.3357
0.95	0.815  2.869  0.3229
0.95	0.825  2.611  0.2886
0.95	0.835  2.389  0.2597
0.95	0.845  2.184  0.2413
0.95	0.855  2.07   0.2253
0.95	0.865  1.612  0.2028
0.95	0.875  1.729  0.189
0.95	0.885  1.466  0.1646
0.95	0.895  1.527  0.1852
0.95	0.905  1.43   0.1589
0.95	0.915  1.276  0.1526
0.95	0.925  1.244  0.1394
0.95	0.935  1.185  0.1539
0.95	0.945  1.187  0.1369
0.95	0.955  1.114  0.1283
0.95	0.965  1.086  0.1254
0.95	0.975  1.091  0.1287
0.95	0.985  1.129  0.1416
0.95	0.995  0.9911  0.1212
0.95	1.005  1.081  0.1199
0.95	1.015  0.9315  0.1118
0.95	1.025  1.036  0.1218
0.95	1.035  1.059  0.1221
0.95	1.045  1.006  0.1189
0.95	1.055  1.145  0.1412
0.95	1.065  1.024  0.1307
0.95	1.075  1.179  0.1406
0.95	1.085  1.135  0.1396
0.95	1.095  1.218  0.1471
0.95	1.105  1.118  0.1451
0.95	1.115  1.161  0.1398
0.95	1.125  1.232  0.1514
0.95	1.135  1.155  0.143
0.95	1.145  1.314  0.1502
0.95	1.155  1.277  0.1533
0.95	1.165  1.245  0.1431
0.95	1.175  1.316  0.1824
0.95	1.185  1.452  0.1772
0.95	1.195  1.316  0.1635
0.95	1.205  1.245  0.1476
0.95	1.215  1.476  0.2079
0.95	1.225  1.509  0.1917
0.95	1.235  1.507  0.1764
0.95	1.245  1.495  0.1723
0.95	1.255  1.597  0.1891
0.95	1.265  1.849  0.2417
0.95	1.275  1.861  0.2533
0.95	1.285  1.592  0.2086
0.95	1.295  1.67   0.2757
0.95	1.305  1.799  0.3511
0.95	1.315  1.634  0.2506
0.95	1.325  1.702  0.2501
0.95	1.335  1.788  0.3114
0.95	1.345  1.536  0.2598
0.95	1.355  1.505  0.2747
0.95	1.365  1.441  0.2579
0.95	1.375  1.747  0.3397
0.95	1.385  1.635  0.2731
0.95	1.395  1.443  0.2198
