CLAS physics database search results
Measurement E28M14
g11
M. Battaglieri
2009

-t variable	M(pi+,pi-)	Y_20	Data errors
GeV2	GeV	mcb/GeV3	mcb/GeV3
0.45	0.405	0.1072	0.09895
0.45	0.415	0.05679	0.09354
0.45	0.425	0.0117	0.1575
0.45	0.435	0.05921	0.1046
0.45	0.445	0.1332	0.2009
0.45	0.455	0.2154	0.1703
0.45	0.465	0.2185	0.1403
0.45	0.475	0.3262	0.1844
0.45	0.485	0.4115	0.1619
0.45	0.495	0.5071	0.2303
0.45	0.505	0.4736	0.2475
0.45	0.515	0.5868	0.2193
0.45	0.525	0.3991	0.1898
0.45	0.535	0.8012	0.5866
0.45	0.545	0.4775	0.267
0.45	0.555	0.3203	0.2837
0.45	0.565	0.6096	0.1856
0.45	0.575	0.5491	0.1668
0.45	0.585	0.5311	0.2119
0.45	0.595	0.4565	0.1889
0.45	0.605	0.04838	0.2436
0.45	0.615	-0.06723	-0.225
0.45	0.625	-0.1031	-0.1958
0.45	0.635	-0.422	-0.3067
0.45	0.645	-0.8321	-0.3781
0.45	0.655	-0.7755	-0.3731
0.45	0.665	-1.267	-0.4883
0.45	0.675	-1.753	-0.3968
0.45	0.685	-2.32	-0.4491
0.45	0.695	-3.34	-0.4971
0.45	0.705	-4.566	-0.6456
0.45	0.715	-5.136	-0.5983
0.45	0.725	-6.189	-0.7579
0.45	0.735	-7.786	-0.8928
0.45	0.745	-9.007	-1.074
0.45	0.755	-10.18	-1.409
0.45	0.765	-10.52	-1.204
0.45	0.775	-10.14	-1.363
0.45	0.785	-10.14	-1.581
0.45	0.795	-9.152	-1.258
0.45	0.805	-7.854	-0.9799
0.45	0.815	-7.257	-1.012
0.45	0.825	-6.747	-1.141
0.45	0.835	-5.781	-0.908
0.45	0.845	-5.376	-1.005
0.45	0.855	-3.897	-0.6173
0.45	0.865	-3.241	-0.6474
0.45	0.875	-3.162	-0.6646
0.45	0.885	-2.285	-0.407
0.45	0.895	-1.988	-0.4075
0.45	0.905	-1.595	-0.4649
0.45	0.915	-0.9811	-0.2916
0.45	0.925	-0.9523	-0.2305
0.45	0.935	-0.5172	-0.1954
0.45	0.945	-0.1882	-0.1636
0.45	0.955	0.05494	0.1446
0.45	0.965	0.1119	0.1965
0.45	0.975	0.2339	0.1937
0.45	0.985	0.5526	0.1668
0.45	0.995	0.8101	0.2018
0.45	1.005	0.7529	0.1543
0.45	1.015	0.8483	0.1738
0.45	1.025	1.429	0.2804
0.45	1.035	1.113	0.1987
0.45	1.045	1.382	0.2193
0.45	1.055	1.476	0.2664
0.45	1.065	1.571	0.2657
0.45	1.075	1.653	0.2091
0.45	1.085	1.567	0.2196
0.45	1.095	1.732	0.2389
0.45	1.105	1.646	0.2393
0.45	1.115	1.833	0.2282
0.45	1.125	2.061	0.33
0.45	1.135	1.94	0.2577
0.45	1.145	1.965	0.2944
0.45	1.155	2.017	0.2632
0.45	1.165	2.063	0.2558
0.45	1.175	2.105	0.2924
0.45	1.185	2.127	0.2773
0.45	1.195	2.154	0.2495
0.45	1.205	2.11	0.279
0.45	1.215	1.977	0.2429
0.45	1.225	2.269	0.2668
0.45	1.235	2.067	0.2464
0.45	1.245	2.04	0.2552
0.45	1.255	2.02	0.2385
0.45	1.265	2.002	0.262
0.45	1.275	2.223	0.2799
0.45	1.285	2.102	0.3271
0.45	1.295	2.059	0.2729
0.45	1.305	1.949	0.3123
0.45	1.315	2.189	0.3523
0.45	1.325	1.9	0.2747
0.45	1.335	2.289	0.4123
0.45	1.345	2.2	0.3803
0.45	1.355	2.136	0.3329
0.45	1.365	1.954	0.333
0.45	1.375	1.837	0.2551
0.45	1.385	2.099	0.3759
0.45	1.395	1.987	0.3474
0.55	0.405	0.1527	0.07456
0.55	0.415	0.2561	0.1035
0.55	0.425	0.203	0.08366
0.55	0.435	0.2304	0.1715
0.55	0.445	0.3536	0.1633
0.55	0.455	0.2564	0.1284
0.55	0.465	0.4079	0.2069
0.55	0.475	0.3994	0.1806
0.55	0.485	0.4814	0.1842
0.55	0.495	0.4171	0.1468
0.55	0.505	0.4686	0.1492
0.55	0.515	0.6321	0.1752
0.55	0.525	0.491	0.1709
0.55	0.535	0.4937	0.1243
0.55	0.545	0.4639	0.1198
0.55	0.555	0.6766	0.1284
0.55	0.565	0.7515	0.183
0.55	0.575	0.6267	0.1503
0.55	0.585	0.559	0.1891
0.55	0.595	0.5967	0.2153
0.55	0.605	0.6932	0.1741
0.55	0.615	0.6911	0.2792
0.55	0.625	0.3478	0.1523
0.55	0.635	0.6739	0.262
0.55	0.645	0.405	0.1662
0.55	0.655	0.4404	0.3481
0.55	0.665	0.2782	0.2809
0.55	0.675	-0.1955	-0.3264
0.55	0.685	-0.4721	-0.3151
0.55	0.695	-0.6002	-0.3128
0.55	0.705	-1.375	-0.4359
0.55	0.715	-1.369	-0.4473
0.55	0.725	-1.853	-0.478
0.55	0.735	-2.228	-0.4971
0.55	0.745	-2.849	-0.5088
0.55	0.755	-3.499	-0.4861
0.55	0.765	-4.288	-0.5695
0.55	0.775	-3.946	-0.6449
0.55	0.785	-4.051	-0.5397
0.55	0.795	-3.785	-0.5414
0.55	0.805	-3.429	-0.5047
0.55	0.815	-3.226	-0.5425
0.55	0.825	-3.422	-0.5562
0.55	0.835	-2.845	-0.4799
0.55	0.845	-2.738	-0.5778
0.55	0.855	-2.555	-0.5809
0.55	0.865	-1.926	-0.4175
0.55	0.875	-1.893	-0.4358
0.55	0.885	-1.826	-0.3768
0.55	0.895	-1.205	-0.2401
0.55	0.905	-1.393	-0.3705
0.55	0.915	-1.034	-0.3034
0.55	0.925	-0.7117	-0.1542
0.55	0.935	-0.7626	-0.2543
0.55	0.945	-0.5666	-0.1974
0.55	0.955	-0.6081	-0.1659
0.55	0.965	-0.4054	-0.1301
0.55	0.975	-0.1199	-0.158
0.55	0.985	-0.1771	-0.1233
0.55	0.995	0.005003	0.1898
0.55	1.005	0.1136	0.1348
0.55	1.015	0.3324	0.1094
0.55	1.025	0.3581	0.1485
0.55	1.035	0.4557	0.1104
0.55	1.045	0.3079	0.1035
0.55	1.055	0.4542	0.1145
0.55	1.065	0.501	0.1239
0.55	1.075	0.7696	0.1727
0.55	1.085	0.5756	0.1275
0.55	1.095	0.7403	0.1443
0.55	1.105	0.7035	0.166
0.55	1.115	0.8532	0.1312
0.55	1.125	0.8519	0.1645
0.55	1.135	0.9195	0.1572
0.55	1.145	0.8447	0.1504
0.55	1.155	1.037	0.1506
0.55	1.165	0.9542	0.1659
0.55	1.175	0.9834	0.1502
0.55	1.185	1.07	0.1566
0.55	1.195	1.052	0.1657
0.55	1.205	0.9315	0.1552
0.55	1.215	1.193	0.1849
0.55	1.225	1.018	0.1746
0.55	1.235	1.002	0.1617
0.55	1.245	1.104	0.2044
0.55	1.255	1.161	0.1858
0.55	1.265	1.195	0.2185
0.55	1.275	1.123	0.1925
0.55	1.285	1.147	0.2607
0.55	1.295	0.9245	0.1905
0.55	1.305	0.9357	0.1996
0.55	1.315	1.087	0.2073
0.55	1.325	1.055	0.2495
0.55	1.335	1.073	0.2323
0.55	1.345	1.194	0.2343
0.55	1.355	1.173	0.2441
0.55	1.365	1.161	0.2334
0.55	1.375	1.149	0.2752
0.55	1.385	1.169	0.2518
0.55	1.395	1.183	0.2433
0.65	0.405	0.1391	0.04218
0.65	0.415	0.1325	0.04503
0.65	0.425	0.1565	0.06132
0.65	0.435	0.2332	0.1001
0.65	0.445	0.2786	0.1129
0.65	0.455	0.3305	0.1296
0.65	0.465	0.4403	0.2035
0.65	0.475	0.4446	0.1283
0.65	0.485	0.4881	0.1752
0.65	0.495	0.5249	0.1799
0.65	0.505	0.4549	0.1052
0.65	0.515	0.3482	0.09825
0.65	0.525	0.4961	0.136
0.65	0.535	0.3525	0.1138
0.65	0.545	0.3734	0.1062
0.65	0.555	0.5418	0.1078
0.65	0.565	0.4775	0.1224
0.65	0.575	0.5084	0.106
0.65	0.585	0.5609	0.1405
0.65	0.595	0.6107	0.1523
0.65	0.605	0.5298	0.1187
0.65	0.615	0.7808	0.166
0.65	0.625	0.6411	0.1341
0.65	0.635	0.612	0.1216
0.65	0.645	0.7071	0.1554
0.65	0.655	0.5608	0.1267
0.65	0.665	0.5137	0.1602
0.65	0.675	0.4952	0.1464
0.65	0.685	0.4206	0.1661
0.65	0.695	0.5599	0.1938
0.65	0.705	0.06035	0.1377
0.65	0.715	0.04141	0.1458
0.65	0.725	-0.1445	-0.1514
0.65	0.735	-0.4815	-0.2016
0.65	0.745	-0.8241	-0.2384
0.65	0.755	-0.9984	-0.275
0.65	0.765	-1.404	-0.2479
0.65	0.775	-1.091	-0.2711
0.65	0.785	-1.599	-0.3096
0.65	0.795	-1.448	-0.2184
0.65	0.805	-1.275	-0.1984
0.65	0.815	-1.576	-0.2807
0.65	0.825	-1.374	-0.2547
0.65	0.835	-1.204	-0.1889
0.65	0.845	-1.344	-0.2962
0.65	0.855	-1.012	-0.1603
0.65	0.865	-1.063	-0.2087
0.65	0.875	-1.016	-0.1958
0.65	0.885	-0.8401	-0.1521
0.65	0.895	-0.811	-0.1719
0.65	0.905	-0.6419	-0.1436
0.65	0.915	-0.7186	-0.2281
0.65	0.925	-0.5456	-0.1286
0.65	0.935	-0.5334	-0.1714
0.65	0.945	-0.2261	-0.1309
0.65	0.955	-0.3264	-0.1212
0.65	0.965	-0.2806	-0.1211
0.65	0.975	-0.1182	-0.1337
0.65	0.985	0.02178	0.1005
0.65	0.995	-0.005704	-0.1046
0.65	1.005	0.003521	0.1234
0.65	1.015	-0.2	-0.2071
0.65	1.025	0.3413	0.1951
0.65	1.035	0.1298	0.1343
0.65	1.045	0.2299	0.1099
0.65	1.055	0.1182	0.1171
0.65	1.065	0.07683	0.0832
0.65	1.075	0.281	0.1195
0.65	1.085	0.401	0.1809
0.65	1.095	0.352	0.1524
0.65	1.105	0.4918	0.1765
0.65	1.115	0.278	0.1122
0.65	1.125	0.4427	0.1341
0.65	1.135	0.4044	0.1264
0.65	1.145	0.3709	0.1188
0.65	1.155	0.4448	0.1182
0.65	1.165	0.5498	0.1275
0.65	1.175	0.5431	0.1477
0.65	1.185	0.3996	0.1207
0.65	1.195	0.6089	0.1522
0.65	1.205	0.4286	0.1413
0.65	1.215	0.3885	0.1226
0.65	1.225	0.4543	0.1321
0.65	1.235	0.6471	0.1559
0.65	1.245	0.5248	0.1518
0.65	1.255	0.702	0.1947
0.65	1.265	0.4024	0.1352
0.65	1.275	0.3831	0.1262
0.65	1.285	0.6103	0.169
0.65	1.295	0.352	0.1505
0.65	1.305	0.4938	0.1528
0.65	1.315	0.4253	0.1544
0.65	1.325	0.48	0.1562
0.65	1.335	0.6966	0.2581
0.65	1.345	0.6709	0.1875
0.65	1.355	0.6978	0.186
0.65	1.365	0.7177	0.1975
0.65	1.375	0.5483	0.167
0.65	1.385	0.6236	0.1328
0.65	1.395	0.5622	0.1337
0.75	0.405	0.1464	0.04491
0.75	0.415	0.1437	0.04592
0.75	0.425	0.107	0.05681
0.75	0.435	0.2171	0.06689
0.75	0.445	0.1866	0.05654
0.75	0.455	0.3034	0.1394
0.75	0.465	0.3505	0.1083
0.75	0.475	0.4324	0.1441
0.75	0.485	0.3675	0.1274
0.75	0.495	0.3685	0.1316
0.75	0.505	0.4735	0.1526
0.75	0.515	0.2933	0.07771
0.75	0.525	0.3901	0.1309
0.75	0.535	0.412	0.08747
0.75	0.545	0.3642	0.08108
0.75	0.555	0.2931	0.09193
0.75	0.565	0.4209	0.1081
0.75	0.575	0.4774	0.09379
0.75	0.585	0.4738	0.1463
0.75	0.595	0.4729	0.1268
0.75	0.605	0.5452	0.1248
0.75	0.615	0.4914	0.1017
0.75	0.625	0.6455	0.1231
0.75	0.635	0.4051	0.09644
0.75	0.645	0.6234	0.1115
0.75	0.655	0.6511	0.138
0.75	0.665	0.5922	0.1142
0.75	0.675	0.2642	0.1698
0.75	0.685	0.4522	0.1335
0.75	0.695	0.5908	0.1388
0.75	0.705	0.6253	0.1401
0.75	0.715	0.4272	0.13
0.75	0.725	0.473	0.1682
0.75	0.735	0.1105	0.1305
0.75	0.745	-0.1163	-0.1345
0.75	0.755	-0.1683	-0.145
0.75	0.765	-0.2907	-0.1898
0.75	0.775	-0.4238	-0.1567
0.75	0.785	-0.6238	-0.1969
0.75	0.795	-0.4908	-0.1753
0.75	0.805	-0.6098	-0.1691
0.75	0.815	-0.4345	-0.1855
0.75	0.825	-0.6246	-0.1433
0.75	0.835	-0.642	-0.1358
0.75	0.845	-0.4882	-0.1301
0.75	0.855	-0.4709	-0.127
0.75	0.865	-0.5901	-0.1529
0.75	0.875	-0.2841	-0.1314
0.75	0.885	-0.3749	-0.1142
0.75	0.895	-0.3382	-0.129
0.75	0.905	-0.2244	-0.1147
0.75	0.915	-0.1826	-0.09825
0.75	0.925	-0.1054	-0.1497
0.75	0.935	-0.169	-0.1369
0.75	0.945	0.01091	0.1381
0.75	0.955	-0.1624	-0.1237
0.75	0.965	-0.09228	-0.08842
0.75	0.975	-0.09457	-0.09084
0.75	0.985	0.246	0.1528
0.75	0.995	-0.1341	-0.08994
0.75	1.005	0.02951	0.1586
0.75	1.015	0.104	0.123
0.75	1.025	0.01825	0.137
0.75	1.035	-0.02132	-0.1723
0.75	1.045	0.1918	0.1536
0.75	1.055	-0.08263	-0.1908
0.75	1.065	0.05734	0.1261
0.75	1.075	0.1131	0.1259
0.75	1.085	0.1787	0.1727
0.75	1.095	0.1659	0.1617
0.75	1.105	0.04191	0.1403
0.75	1.115	0.1375	0.1256
0.75	1.125	0.2079	0.1019
0.75	1.135	0.176	0.1344
0.75	1.145	0.2555	0.1277
0.75	1.155	0.09378	0.1131
0.75	1.165	0.1466	0.1152
0.75	1.175	0.08464	0.1238
0.75	1.185	0.09024	0.1023
0.75	1.195	0.0849	0.1442
0.75	1.205	0.16	0.14
0.75	1.215	0.1071	0.09907
0.75	1.225	0.2232	0.1296
0.75	1.235	0.05254	0.1253
0.75	1.245	0.3064	0.1687
0.75	1.255	0.1717	0.111
0.75	1.265	0.1155	0.1433
0.75	1.275	0.1813	0.1782
0.75	1.285	0.1334	0.1272
0.75	1.295	0.08922	0.1105
0.75	1.305	-0.03289	-0.09397
0.75	1.315	0.2785	0.1237
0.75	1.325	0.3678	0.1577
0.75	1.335	0.3163	0.1677
0.75	1.345	0.227	0.1267
0.75	1.355	0.2611	0.1672
0.75	1.365	0.2081	0.1403
0.75	1.375	0.3891	0.1431
0.75	1.385	0.3444	0.1112
0.75	1.395	0.2006	0.09285
0.85	0.405	0.1338	0.04472
0.85	0.415	0.1397	0.05902
0.85	0.425	0.1356	0.0413
0.85	0.435	0.1708	0.05527
0.85	0.445	0.2343	0.07754
0.85	0.455	0.3083	0.07955
0.85	0.465	0.3384	0.1035
0.85	0.475	0.2759	0.09395
0.85	0.485	0.399	0.1461
0.85	0.495	0.3868	0.1822
0.85	0.505	0.3333	0.1348
0.85	0.515	0.3913	0.1038
0.85	0.525	0.4719	0.1487
0.85	0.535	0.398	0.09947
0.85	0.545	0.3319	0.1031
0.85	0.555	0.2816	0.08074
0.85	0.565	0.3732	0.09286
0.85	0.575	0.3113	0.08793
0.85	0.585	0.3147	0.08223
0.85	0.595	0.3494	0.08147
0.85	0.605	0.3375	0.06994
0.85	0.615	0.3702	0.08277
0.85	0.625	0.3018	0.08094
0.85	0.635	0.5215	0.09256
0.85	0.645	0.382	0.1027
0.85	0.655	0.3865	0.1009
0.85	0.665	0.4775	0.09792
0.85	0.675	0.4751	0.1037
0.85	0.685	0.4669	0.1303
0.85	0.695	0.3312	0.1032
0.85	0.705	0.3636	0.1236
0.85	0.715	0.3175	0.1495
0.85	0.725	0.2626	0.1193
0.85	0.735	0.2685	0.1693
0.85	0.745	0.2211	0.1355
0.85	0.755	-0.1988	-0.1423
0.85	0.765	-0.06099	-0.1498
0.85	0.775	-0.2879	-0.1281
0.85	0.785	-0.04343	-0.2144
0.85	0.795	-0.1089	-0.1371
0.85	0.805	-0.1565	-0.1055
0.85	0.815	-0.3677	-0.1391
0.85	0.825	-0.279	-0.1179
0.85	0.835	-0.2075	-0.09741
0.85	0.845	-0.1849	-0.1214
0.85	0.855	-0.0356	-0.14
0.85	0.865	-0.2362	-0.129
0.85	0.875	-0.1409	-0.1044
0.85	0.885	-0.1714	-0.1348
0.85	0.895	-0.01904	-0.1491
0.85	0.905	0.07678	0.173
0.85	0.915	-0.06051	-0.1182
0.85	0.925	-0.009101	-0.1384
0.85	0.935	0.03892	0.16
0.85	0.945	-0.07473	-0.1475
0.85	0.955	0.1732	0.1534
0.85	0.965	-0.05895	-0.1549
0.85	0.975	0.0678	0.1719
0.85	0.985	0.06188	0.1518
0.85	0.995	0.1634	0.1245
0.85	1.005	0.05636	0.1229
0.85	1.015	-0.005257	-0.1129
0.85	1.025	0.1322	0.206
0.85	1.035	0.09046	0.1913
0.85	1.045	0.01834	0.1666
0.85	1.055	0.04223	0.1546
0.85	1.065	-0.02978	-0.1224
0.85	1.075	0.1356	0.1299
0.85	1.085	-0.01429	-0.1487
0.85	1.095	0.007711	0.1048
0.85	1.105	0.09013	0.1373
0.85	1.115	-0.0254	-0.1131
0.85	1.125	-0.02783	-0.1713
0.85	1.135	0.08566	0.1141
0.85	1.145	0.06493	0.1714
0.85	1.155	-0.02651	-0.1393
0.85	1.165	0.1211	0.145
0.85	1.175	-0.09485	-0.1018
0.85	1.185	0.1049	0.1251
0.85	1.195	-0.1116	-0.1252
0.85	1.205	-0.1033	-0.09114
0.85	1.215	-0.05092	-0.1203
0.85	1.225	-0.1281	-0.1049
0.85	1.235	-0.1417	-0.1223
0.85	1.245	-0.2035	-0.1051
0.85	1.255	-0.1194	-0.1019
0.85	1.265	-0.001138	-0.1055
0.85	1.275	-0.2957	-0.1009
0.85	1.285	0.00111	0.1024
0.85	1.295	-0.1354	-0.09928
0.85	1.305	-0.3615	-0.1127
0.85	1.315	-0.1039	-0.1193
0.85	1.325	0.06629	0.1232
0.85	1.335	-0.00452	-0.09468
0.85	1.345	-0.05282	-0.09156
0.85	1.355	0.08062	0.1015
0.85	1.365	0.07807	0.1394
0.85	1.375	0.1618	0.1102
0.85	1.385	0.1008	0.1113
0.85	1.395	0.02272	0.07886
0.95	0.405	0.1267	0.03861
0.95	0.415	0.09817	0.03618
0.95	0.425	0.09752	0.03546
0.95	0.435	0.1013	0.03213
0.95	0.445	0.1553	0.04572
0.95	0.455	0.1879	0.05142
0.95	0.465	0.2393	0.09465
0.95	0.475	0.3225	0.08471
0.95	0.485	0.1848	0.08975
0.95	0.495	0.3324	0.1244
0.95	0.505	0.3475	0.1175
0.95	0.515	0.2859	0.1135
0.95	0.525	0.3999	0.1384
0.95	0.535	0.2958	0.08645
0.95	0.545	0.3449	0.07839
0.95	0.555	0.2716	0.05689
0.95	0.565	0.2729	0.06214
0.95	0.575	0.2178	0.05282
0.95	0.585	0.3413	0.07543
0.95	0.595	0.3031	0.05973
0.95	0.605	0.2479	0.08972
0.95	0.615	0.2917	0.06795
0.95	0.625	0.2494	0.07184
0.95	0.635	0.4327	0.09264
0.95	0.645	0.2179	0.07411
0.95	0.655	0.3316	0.101
0.95	0.665	0.2481	0.07319
0.95	0.675	0.2495	0.07578
0.95	0.685	0.2995	0.09464
0.95	0.695	0.1863	0.08382
0.95	0.705	0.2271	0.08864
0.95	0.715	0.1743	0.09171
0.95	0.725	0.2035	0.1277
0.95	0.735	0.3359	0.1398
0.95	0.745	0.124	0.09896
0.95	0.755	-0.04341	-0.1003
0.95	0.765	-0.04818	-0.1087
0.95	0.775	-0.09892	-0.131
0.95	0.785	-0.1624	-0.1467
0.95	0.795	-0.06661	-0.193
0.95	0.805	-0.1296	-0.1319
0.95	0.815	0.01408	0.1618
0.95	0.825	-0.2129	-0.1325
0.95	0.835	-0.09983	-0.1523
0.95	0.845	-0.126	-0.179
0.95	0.855	-0.05136	-0.1095
0.95	0.865	-0.1166	-0.11
0.95	0.875	-0.1396	-0.09359
0.95	0.885	-0.05413	-0.1279
0.95	0.895	-0.05875	-0.1746
0.95	0.905	-0.06144	-0.1081
0.95	0.915	-0.1017	-0.1134
0.95	0.925	-0.02885	-0.1144
0.95	0.935	-0.02884	-0.1261
0.95	0.945	-0.03545	-0.1042
0.95	0.955	0.01932	0.1517
0.95	0.965	-0.02945	-0.1606
0.95	0.975	0.01129	0.1512
0.95	0.985	0.06543	0.128
0.95	0.995	0.01868	0.1731
0.95	1.005	0.006799	0.1733
0.95	1.015	-0.1008	-0.1377
0.95	1.025	0.02994	0.1374
0.95	1.035	0.002922	0.1693
0.95	1.045	0.1242	0.1401
0.95	1.055	0.06696	0.1854
0.95	1.065	-0.08078	-0.1273
0.95	1.075	-0.07202	-0.1142
0.95	1.085	0.0212	0.124
0.95	1.095	0.02368	0.1337
0.95	1.105	0.1458	0.1703
0.95	1.115	0.02903	0.139
0.95	1.125	-0.07009	-0.09399
0.95	1.135	0.008281	0.1174
0.95	1.145	-0.04435	-0.1033
0.95	1.155	-0.04974	-0.1772
0.95	1.165	-0.06845	-0.08955
0.95	1.175	-0.1123	-0.1442
0.95	1.185	-0.3195	-0.1069
0.95	1.195	-0.2113	-0.1087
0.95	1.205	-0.3107	-0.0973
0.95	1.215	-0.2502	-0.09297
0.95	1.225	-0.4666	-0.1176
0.95	1.235	-0.3681	-0.1021
0.95	1.245	-0.3681	-0.09843
0.95	1.255	-0.4381	-0.1286
0.95	1.265	-0.3935	-0.1046
0.95	1.275	-0.377	-0.1439
0.95	1.285	-0.4272	-0.1063
0.95	1.295	-0.3834	-0.1057
0.95	1.305	-0.245	-0.09742
0.95	1.315	-0.2224	-0.09061
0.95	1.325	-0.3125	-0.1001
0.95	1.335	-0.1611	-0.1033
0.95	1.345	-0.08519	-0.09602
0.95	1.355	-0.2432	-0.1139
0.95	1.365	-0.08418	-0.0907
0.95	1.375	-0.08653	-0.08414
0.95	1.385	-0.304	-0.0826
0.95	1.395	-0.1058	-0.07415
